2375
3704
9675
6817
4665
9112
7342
5631
1445
3853
2540
435
4218
6100
4813
2738
6841
8526
3108
1580
9512
5344
1865
9870
578
553
1221
4618
9179
9664
5062
7329
2018
4986
979
5211
3103
485
761
4307
7307
8821
4531
8465
9135
408
2008
8021
4373
1303
9871
461
1883
987
7229
3699
2182
5770
6671
5910
7218
7309
4563
996
4887
1535
8080
9505
5896
404
1527
2806
1926
6195
9201
1448
9761
1106
7943
7892
2414
9628
9553
7941
1667
6338
534
6481
3295
3611
5362
4262
8136
713
6774
6748
4924
5162
3432
87
3401
5191
4363
9372
6408
8365
6778
7661
9459
6005
9726
6323
6840
1874
4768
8983
8485
679
4343
4365
4147
7154
7618
7357
3008
2089
1970
8719
8276
464
1615
5027
3509
819
4411
8090
7878
4742
3779
4372
7786
9639
5489
2807
4470
7372
5087
5912
4133
2943
3702
7162
5877
5907
4244
2400
1678
9057
6060
2368
2915
8532
4007
791
9425
3261
809
2579
7604
1187
799
9136
5673
4298
6452
3538
4766
7007
9586
3132
1366
5054
7301
4955
8409
6161
1803
6595
8375
21
3368
8915
2461
9818
6550
1767
2896
5751
3738
7258
3127
3287
1554
3910
7749
1748
3306
6506
8403
3870
7853
5206
8797
4040
1257
6710
531
8000
5339
6505
6319
6537
2074
8365
4838
8919
4863
5256
951
5734
5666
4357
7153
4246
8384
8826
7522
5287
6856
9602
3353
4862
6565
8620
461
145
8821
7550
4950
1349
5769
7
4217
5313
6453
4576
5954
1214
8679
2558
922
7774
2404
6728
1527
3669
7118
5951
5106
9785
9330
4526
4324
7890
3581
9599
9866
8173
5407
7096
2856
3955
6728
896
1754
7073
4478
4338
6581
6963
3761
7293
6268
4258
9317
53
6078
2024
6639
6490
8636
5836
9947
7362
2536
3662
442
9142
6698
4832
617
3638
4396
3134
9612
9610
485
9644
2345
9430
7779
5371
9489
9816
6913
3960
42
1681
9704
3297
2279
4190
226
3525
9401
6707
1305
9431
9550
2467
9886
4845
872
5038
422
3915
8073
6599
1151
6968
8826
9984
8576
6106
9339
2516
6862
1091
6708
1681
1067
8615
9450
2321
7256
5848
350
1299
5868
2736
3407
7307
5229
8474
928
8034
8394
3646
8948
4651
9099
3271
2901
6244
1376
2675
7027
1333
9031
7622
4570
2280
9625
59
4749
372
6451
9033
3183
8728
8883
4397
416
4049
6536
5914
9636
632
8604
7593
3455
1979
2350
4110
7565
1622
7735
426
6494
1550
7359
3527
1646
474
8040
5331
7171
3518
5159
5227
3328
7285
179
4339
3558
9178
6870
5936
9193
8435
8208
1955
8609
2363
5195
9746
6103
2395
106
8292
7551
7236
6138
1912
9254
2667
3162
2610
576
1793
8951
1140
996
2670
416
4645
8468
570
7769
4113
4852
9463
4634
5021
8763
9839
8087
4565
2647
453
3947
7860
4427
3194
5677
7614
5668
5999
2037
3677
1673
4610
2904
3639
4368
3127
750
2872
6142
676
9509
689
3654
7513
5982
7645
7379
9498
1046
5196
1553
7290
9327
4430
3621
9494
8828
7981
7020
5483
140
1575
4657
4308
3661
4951
4264
7668
3714
2591
3160
621
5839
2628
2822
2107
7969
5510
9052
2705
9962
9131
8360
5501
6666
2567
5601
1337
2090
9817
4164
3233
4498
3013
556
1261
1531
234
9552
7322
94
415
311
8537
426
4367
1494
3347
8805
8813
8922
5847
2650
8518
2273
7058
1025
1874
4867
4218
284
5814
2046
3511
3773
2602
7695
8014
2549
1090
4988
6764
7975
4971
5902
6107
7915
35
1436
4420
5215
2933
5058
8913
7784
9872
9408
2749
9590
4564
2911
8059
2965
5256
3423
8912
7680
5354
6860
7822
8688
644
607
4253
5890
5879
3009
6648
4934
1687
2730
642
8147
8275
3751
3955
9128
3423
137
6499
4062
8656
6026
3937
5482
6099
4955
9664
8782
8442
9481
8431
735
9028
847
6675
1777
1976
9524
9508
9230
9806
8564
3457
566
3802
4141
6080
3471
5798
3680
3558
830
6618
3175
3311
6238
6731
4934
5019
2813
8381
2266
2150
1207
6774
4398
9234
649
7777
8492
5186
9703
3596
416
4741
3050
7982
7512
6221
9377
5864
3144
4652
6984
6935
5067
6314
6710
995
2579
6806
3120
1128
5793
3062
2635
6862
5552
1068
9007
4599
6780
295
919
4372
7728
8643
7956
9780
9565
4542
465
1211
4982
5624
6706
4762
9768
9846
5093
1009
1544
8723
7291
8542
8628
388
1296
7376
3451
118
4181
1677
6744
9719
1343
6844
1769
2909
3145
9759
6543
9271
8692
9665
6318
2222
1854
9032
9396
7303
7168
535
519
9560
1554
3171
1734
8996
4553
112
3889
261
5969
1127
693
4021
5941
5510
9263
5865
9675
7588
6914
763
7565
8623
1156
1330
6450
660
1586
9184
3499
2506
5348
8632
7353
1292
7596
8073
6347
3313
1735
3228
8725
9258
3878
2166
5197
6119
2086
170
7311
4246
4331
6398
6305
1305
812
3560
1712
8835
2983
3446
7497
4399
1893
9607
7460
6028
3160
344
6298
8729
9425
9966
1031
777
1231
3261
3210
2115
2274
4116
7642
633
9661
5302
8403
3523
3225
6069
7822
7592
5622
1196
4414
456
6620
2905
7095
5080
5728
2277
6953
6314
1603
3138
9594
6649
1556
7136
2097
9102
4854
6875
3118
1698
2540
8357
5720
7377
5680
3083
702
5063
9923
7799
7551
10
5374
8370
2694
419
9960
6723
4652
2314
9488
9177
7073
9309
7482
2177
4517
4172
5863
3172
2897
7093
9292
6287
2515
1815
2629
3824
8230
4645
9634
11
9856
9817
6223
7334
5685
705
6882
5479
8536
8763
5038
5016
6722
6249
6388
8356
1691
2305
4793
3665
5413
8164
242
3978
8537
8361
2459
23
9705
5445
680
1355
9220
4377
4003
7786
7560
263
5780
4405
6817
8946
9295
8020
3904
4482
3446
9278
2247
7761
207
3944
6000
2421
1761
4616
9341
5466
6664
6372
2987
6283
5608
8124
928
1213
2718
7041
4547
3481
1857
2112
7546
6163
1479
3407
654
7835
4821
3187
5612
5120
1679
2748
1237
6220
7581
6429
6612
7088
2414
2204
6527
8156
998
9842
9207
7659
6803
1167
8042
8473
3949
4733
9352
6690
4156
175
9826
6201
3796
2871
7182
9089
9483
7041
7399
6556
2139
2895
9362
9069
2130
2577
9195
5660
2358
1424
2413
6373
4839
4616
4641
8061
5309
9792
4910
9571
7248
1927
7807
6671
1655
8173
738
8426
8728
8203
6588
5801
477
1072
3242
2455
1048
5193
530
4173
1853
6027
8136
5889
2126
2144
8412
1769
1732
7100
6145
8842
8137
1611
5881
1089
1490
9290
9931
7677
1241
7646
3303
8248
186
7876
5328
3664
8947
1174
6776
3302
3646
8775
9225
833
299
6347
9935
1488
4518
2278
6756
3531
7896
224
2867
6436
3114
4433
2430
6816
6484
3679
7755
5820
8947
3537
4313
653
5417
3438
177
536
3838
6583
9751
9067
2036
4654
7583
54
6312
130
5532
8201
9972
9416
3699
9868
3602
6519
8671
4917
219
5904
4222
8553
478
8520
1577
5122
5628
7300
4992
7657
4367
5216
5524
2961
9275
7596
158
2544
829
9699
6988
4922
4992
7257
4812
4699
9886
5040
1377
6321
3027
1815
723
8580
6206
4000
4963
7059
4113
1244
2187
7228
9751
7974
4548
296
7477
2761
4481
2241
7225
1886
7385
7664
5311
5062
3458
8343
1571
1552
6041
5432
7648
7271
2670
9824
4263
4843
7083
6148
3771
9931
3541
9254
9545
5132
4748
8484
5030
6377
685
4861
240
6983
6182
7185
1110
7378
1257
1188
9315
2234
8650
4814
5094
1876
8915
3218
3405
8846
791
4697
864
195
2674
9562
3642
1495
6207
7465
8945
5168
7044
153
5927
6529
1112
5503
809
6820
2613
8373
740
4882
6008
1111
5128
3778
3526
77
3301
4973
2952
2838
5362
1050
902
9421
6940
1867
5154
4987
43
4082
7931
808
6673
7793
5043
5583
5739
2733
2650
6974
2026
9326
1673
6023
107
9238
1722
7478
8802
4059
7156
9838
3638
4787
3653
2290
6037
2875
1641
4205
2664
1460
1303
639
7346
2698
1866
4133
1842
6738
8380
4324
4199
1456
7998
9697
3059
7154
5317
8272
8952
4061
1887
2151
3680
4914
9012
9917
569
2716
4375
8261
3052
6424
2954
4529
7086
9249
2417
6901
1152
2920
9263
6330
529
3389
7454
7291
7364
9308
8538
1087
8780
4118
460
3107
3715
2491
6821
4755
2106
9953
5600
5285
2139
3844
1258
2243
8570
8346
5773
1683
1130
7586
9240
9508
7788
7112
1930
2535
9857
7319
7949
8744
4193
2220
1968
9351
533
7282
4381
6183
542
8480
425
8627
7944
2331
7721
2248
217
7689
6930
4643
8372
6515
5449
1383
7674
8982
9433
1771
2704
727
7346
4766
1547
4512
5615
8792
264
1212
2832
9534
9656
5050
5254
6561
4264
2513
9789
1028
7631
1889
8915
824
2865
705
1943
4471
3057
2171
6061
393
4099
976
1214
8309
63
6201
1595
7304
8993
4619
4594
1499
3005
2166
7146
7220
735
3882
9593
780
9873
6151
9525
1496
3927
5264
4806
7686
5188
9018
7130
9766
8815
167
2339
3666
1871
2457
907
3180
6643
9413
551
8467
9935
4470
266
2192
4593
4619
6704
8947
7666
6974
3435
4870
7624
4786
4842
3354
8567
1464
1013
4790
151
5582
6102
8873
5729
917
6977
6680
7044
7853
9364
3000
5444
6719
7033
3322
290
806
1304
6014
5494
7371
7865
9061
3048
4716
2616
6919
8543
3017
9281
45
9969
2763
5275
909
5657
8528
8241
4752
3158
3511
859
2305
9344
1748
4603
1956
1621
2401
1476
9728
226
2754
8341
8426
9261
9187
4834
2256
6559
2576
7683
7535
8367
8817
7030
5410
8649
6591
8768
6135
3902
5287
8033
367
5621
6363
6742
6930
1711
9407
5383
7709
6328
391
6112
9433
2842
6602
6477
2521
27
7090
9903
304
1318
4275
8571
140
8263
3670
3474
3523
6128
770
6779
4792
7465
6277
9388
5690
8340
6692
5815
9066
4910
7773
4737
5319
1650
885
1694
1063
2423
403
5800
7524
8074
4376
1327
6752
2806
3049
3274
7047
5487
890
571
6368
1535
5337
7969
7919
648
6180
8663
5338
1112
1720
3850
2166
3658
344
8679
8813
9080
5782
6899
8414
3694
1457
2948
1714
3739
6299
7532
230
1521
7573
3703
9674
1547
4729
6522
6900
7534
3220
5531
7746
4504
3822
3855
6475
7397
2327
5902
8096
1313
1680
3
9268
9592
3267
8687
932
696
3152
8206
5509
9864
7142
9601
4666
3938
122
4906
2319
4859
4918
4055
1061
1364
6481
6869
8617
5849
903
549
5619
6247
5765
1708
5656
138
2387
4229
9901
4835
9374
8577
8441
6793
3201
6751
9301
1767
4207
6070
8210
563
5232
4926
5543
9135
6246
7759
614
1816
4794
6562
1066
7676
8664
227
2464
4457
5076
2488
1310
2448
8103
6523
6196
888
9738
5107
1246
7182
5405
8705
6819
8586
8501
4054
5501
3710
1392
7794
3445
4855
2118
2999
4746
6278
4910
684
734
6168
5962
4574
1709
2305
4736
4944
9211
808
2757
115
8873
7532
9144
4416
2196
6244
3385
8594
6042
531
1380
9202
1257
3466
6190
5642
1782
6392
3723
2314
4231
2909
3785
4713
8334
572
6220
4963
6178
8174
2263
9105
1339
2740
2724
4871
8762
4052
6064
9878
4435
6884
1382
578
9832
5189
9078
3517
4547
9319
514
1970
8351
6378
405
8398
3220
4036
1056
4537
6781
2095
3586
5299
9703
1866
6276
3465
2313
7935
4782
5878
2491
3413
5977
502
52
5484
9874
422
6100
6837
9304
2103
1322
5940
9922
2738
1139
6318
4656
4293
5072
7980
1772
4060
9026
1746
956
9674
5173
1305
6488
8550
8150
2232
7106
5651
7394
50
4231
5016
1869
5832
1136
3294
588
6399
4581
9080
1167
3340
7295
8780
9647
4236
5432
5935
1503
7649
8770
5216
8258
470
7392
3546
2553
1571
3765
7933
6551
4172
1575
9558
5043
3140
1647
4091
4185
8255
9153
5139
6542
9892
4594
6834
6221
4177
2586
1138
5043
2234
6792
6540
931
8841
6572
214
9959
4297
3381
5303
8293
5374
632
5462
9385
3259
8409
9729
3652
3207
4681
4809
1921
6394
6125
7354
7136
1361
5158
5144
8417
3009
7618
4548
7774
952
6319
3023
7749
2030
4807
7014
4305
7691
9101
1003
228
8179
3522
6532
5587
3900
6243
9356
9758
2288
1955
4072
4074
14
2753
6804
1853
3498
2454
7932
2326
677
9053
4343
4678
7735
4879
2541
3311
2089
1642
9497
3831
9119
1645
9657
3784
8914
6419
5362
424
6812
8265
8561
2305
1708
9549
6636
8668
3850
294
1975
9374
7509
1930
6643
2863
2007
7536
3185
7874
6474
4723
4356
4918
5795
3279
1923
8265
8349
8187
8510
4276
2737
2659
4120
9895
4433
6016
8435
577
6916
2582
858
4347
2443
8011
1575
1666
8786
31
5461
3440
6579
8828
2591
4342
3140
8763
711
4888
4656
4480
5188
3701
7619
7732
3186
337
3183
5501
5789
2289
7420
6668
8248
3138
7325
9714
3063
5318
3949
4528
7166
7100
8199
9418
6144
6811
9189
8598
9337
9018
5953
9047
8055
8991
6951
1505
8451
9203
3083
1992
9902
3295
5783
6490
2342
3365
6637
6949
9048
1484
4955
4902
3471
489
2060
7951
842
9687
3946
3540
4860
3556
8098
6547
2941
6087
2240
7997
4798
6913
3209
4645
682
7183
4904
5844
7175
3497
4512
231
7228
9115
2560
8118
3805
3229
5572
721
4001
5376
5896
3721
9429
9128
7495
9496
8073
8017
8162
8318
2120
7423
4573
7129
9013
1798
6195
6864
1344
7058
4185
6844
9464
756
6416
7971
7947
7786
8980
2339
7897
5722
7602
6600
2519
3115
3606
6330
1807
6447
8290
2710
9076
3841
9754
9014
3235
9623
8572
8496
6517
1860
9022
8088
8417
6973
4368
4355
7374
4069
1232
5145
7286
120
9900
3126
5895
7440
4881
6189
6339
6935
8131
5945
5847
9146
7766
7650
6808
2663
5880
6552
2409
9859
4225
7935
8249
649
4819
3128
8522
5314
1868
3399
1036
6334
2474
4486
8520
1293
2526
6709
857
5229
8505
5436
6884
5600
8547
6544
1128
249
6202
925
5328
5682
4583
5478
2982
2445
7389
8678
7778
8294
1003
562
2271
3393
2897
2477
3246
1797
511
8535
1493
5380
1768
931
895
2902
3637
3284
8583
5937
1494
1795
8463
9303
1140
3248
1738
6268
7458
6274
8266
4003
6146
412
1811
2596
1364
4239
1695
9739
5176
9190
4491
2560
4597
6802
8126
5039
4850
4914
9817
6388
7345
5582
5866
4805
252
7568
5163
235
9943
2512
2135
653
2517
7739
4589
7771
8231
5887
4557
293
4735
5430
639
9574
5506
3340
5683
9536
5212
2846
4066
2981
222
9073
9940
1407
1570
5724
8859
6957
3311
2852
7213
1866
7624
8274
303
1067
2782
1586
9964
805
2006
6027
8325
9833
9062
8758
8402
798
5336
6173
870
825
1329
593
7217
8698
4763
6919
2464
2838
8366
9009
1055
6221
9214
7253
7998
2456
334
8684
2001
8049
8818
8313
689
4030
5506
6547
9648
2331
6650
1681
2154
3331
8766
5570
5750
5195
1515
2758
3852
8459
1737
2620
3953
9177
2077
8168
5694
7476
2202
4640
799
8891
7415
9748
3159
3272
9916
9896
224
236
5334
5104
1216
8647
6298
1159
5383
3684
3558
699
5589
9039
2243
4168
7449
132
919
2847
1363
7877
8727
6499
6427
424
8809
2433
8731
6859
2311
7001
1815
37
4191
1773
1965
4362
3256
4197
583
4490
3280
1500
8014
3158
336
6298
6392
896
8449
9023
6946
2255
9623
9321
9896
1756
3675
9810
6337
1932
6215
1546
2313
2330
3339
6620
6950
6895
9980
9151
6971
4705
3068
571
234
613
7589
3462
8276
9187
5070
6523
7485
4053
7392
805
5131
7019
8434
909
4253
5054
4657
6782
4601
7870
8828
65
7517
9979
1819
2234
4998
6973
1695
9678
7759
1360
3716
4879
3409
1903
2836
1766
7897
6987
6293
2172
6296
6393
1986
1237
1188
6614
24
7610
875
7015
7383
417
8055
7825
4072
8090
5565
8961
4157
3496
4256
4410
2019
9371
7891
7881
8181
70
5547
534
4251
1586
1490
7529
3039
2286
8632
1623
7712
2481
3252
488
5423
4046
2489
6565
9959
5475
7251
6851
3834
4622
3729
3351
4934
795
1900
2197
9046
6254
3413
5417
1396
9370
7342
5809
925
1213
5614
5221
2813
3432
728
5316
3258
1134
5797
8492
2364
920
1837
2214
4585
1682
7637
3579
8943
2534
5251
5479
7131
2931
2589
233
8710
4697
2671
1347
3359
2772
4587
3637
3172
4051
9722
3984
8154
5540
369
9978
4012
5037
4271
5741
7871
2249
4322
8859
5140
6350
266
4771
5351
6407
9013
7129
6949
5955
2921
373
1210
4137
4305
3498
9256
9221
5566
6865
9876
8484
3855
7729
2362
4104
8092
589
624
1560
5131
6075
5368
168
9093
1165
3263
7312
1427
3085
6611
6363
8386
6057
338
3854
7493
6601
4861
99
5690
2457
9563
818
1861
1431
4698
6043
9896
8107
9216
3330
3796
4590
7792
5767
2809
9928
6744
9905
8841
6730
6310
310
8603
5476
3147
41
4556
325
7336
2625
7391
8205
9317
4642
245
5664
8881
3579
5608
7769
4051
27
3457
5816
5214
5392
2377
8346
1044
7869
8541
5219
2305
2360
7722
1563
8968
829
3960
7970
9708
2210
5556
4529
5124
2569
7797
5375
4289
3547
3087
3020
1196
7943
6806
7262
3768
39
2218
9573
6343
1499
7121
301
6313
9684
3459
8352
1455
9583
4895
3925
2077
1147
4010
5785
9549
4441
2983
2520
4784
7024
5602
9560
5584
778
4007
8547
8946
3007
3872
5279
5735
5948
3819
5387
9073
5279
7834
5000
6690
6833
7667
6049
7871
3824
4936
2681
8708
1832
9313
1792
6450
1150
1637
481
3011
7209
6440
3915
6462
8909
6734
7818
3942
3589
7006
1809
8541
1084
7857
263
5477
9817
