748
6368
3465
3297
1021
4653
1262
5547
3146
1441
3750
8082
3131
3022
7183
2574
3368
9471
4997
4490
1855
4368
4230
3355
8021
4298
1510
1083
1651
5113
3705
5105
7874
3788
1550
4639
4514
2969
5211
6952
4291
8394
4290
7980
7031
536
7491
5137
4431
9570
2044
1263
9281
7818
812
2216
5387
6076
5237
9923
6546
6844
8255
7156
7843
5515
6761
5065
234
1046
746
1411
4321
4075
4725
2383
9776
6472
8060
1008
7779
7298
5724
4667
809
2719
1366
3855
9544
3552
845
6959
1982
3711
4507
2317
4579
5777
2350
7604
5386
6023
9408
5746
6342
1991
8004
880
8505
3202
2268
6640
2488
8162
9528
6386
5578
8402
2040
4643
6463
7178
883
3826
5534
8341
9248
7024
1686
496
9041
9236
3910
4434
912
7720
808
979
226
6355
6760
1834
3784
8132
898
7366
6036
8839
809
2569
7736
8680
3732
9324
202
3153
3220
7811
8147
9361
7296
2543
5975
5820
8481
5097
5648
3065
2393
4530
8355
5212
9422
6612
8484
2095
7429
5715
8308
2351
7514
822
4888
1378
7307
6301
2790
7024
3940
8990
1097
2357
8534
2607
7187
1489
8096
7042
3202
8313
5599
1960
8923
2990
3985
8227
5971
7847
2262
8157
6093
6750
1631
8494
2269
1525
2233
7838
8875
7027
2083
5080
3732
6814
6346
1878
5706
550
5510
1695
9819
9500
6173
8778
3327
4366
2661
4781
1834
3440
71
8806
5842
3688
1471
8598
1371
9189
7520
9269
1166
2301
2836
4758
7640
9714
8065
3992
4942
336
4727
2805
7423
7366
1126
3483
7074
3007
9053
8820
7869
9372
1869
1573
7303
3392
7052
2880
7638
3863
1349
9285
3250
8483
7436
748
5931
7684
7631
3368
5941
8195
6585
6984
8609
3964
1056
7215
9016
2166
6622
4046
7376
7089
6364
5371
5809
6730
8330
5361
6689
2093
9484
7811
1723
6408
6655
8158
9375
632
7193
9994
7331
7667
733
1036
5222
2113
110
9835
6421
6071
2523
5133
311
561
9017
5758
6419
764
3566
8157
1393
8061
1433
1218
5886
1585
2336
5087
3193
3026
17
723
4778
6227
9369
1797
5603
3561
3667
6963
7454
6645
1481
4646
9989
3602
1558
3985
5777
3256
9404
1543
2170
9994
7808
9415
8462
4498
819
8405
6301
1815
1132
5126
8688
4664
4529
4519
1641
2696
1909
8042
6534
9142
5035
6718
336
263
5560
1529
7584
674
5431
6309
4368
7768
1910
1221
6591
6142
4413
4499
4030
9289
7391
3271
3032
7333
1849
8357
6527
5314
3799
900
881
9451
3526
4983
5754
8260
3636
2041
6594
4207
8819
6698
8183
4459
5213
7152
197
4395
7458
3436
4130
7054
5388
4539
791
399
8707
6757
1224
4827
6957
7205
2644
5867
7101
5525
8839
5357
1164
2422
6365
3859
4261
6585
9986
7320
3434
365
2517
3850
565
3509
7995
7641
569
9173
1343
7178
3302
3049
4471
6104
1595
8066
5858
632
4053
7726
3293
9847
2950
7667
9989
562
337
8952
4438
2706
3794
2303
8818
962
4730
6483
1662
1006
2296
8170
1766
9706
3764
3783
9633
2412
340
7007
4399
2295
1697
3765
3854
6692
9332
1188
9164
5423
1306
5881
7191
1244
5559
3931
9168
3589
9159
5928
1087
2193
6591
493
6431
3890
5249
9025
6010
5274
1182
255
2063
683
3766
3198
2383
346
5596
2558
4376
639
613
4561
9193
7084
9087
8708
9396
439
6253
2617
8945
7526
6592
6738
7807
4406
8146
4988
4293
2024
9948
4406
4583
8905
1288
908
2724
1596
1648
8020
3532
5782
8053
2868
5231
1845
6252
8574
9617
2094
2083
3130
313
9266
689
7422
4617
9532
6955
796
4600
5449
5090
9640
2826
805
3498
5
1713
4606
4054
3835
637
5623
1487
2839
7727
3595
5860
2622
267
8396
2250
6207
8107
7031
4724
8661
2145
310
6511
405
7829
66
7284
5722
636
8146
480
3499
2617
2580
7521
630
6701
6167
5734
1019
2059
3235
9497
3112
6390
2838
8649
4332
923
267
6463
585
6251
2361
1842
5019
9473
7909
8758
4496
1154
1365
9488
9299
5666
7267
6852
8697
8802
5866
5071
231
8903
9551
8593
7134
9559
4127
2562
6581
8877
7601
5893
5985
8588
7560
3353
3362
527
1768
6492
1517
6959
2882
283
7506
9118
2493
2949
2537
1376
9507
4925
6446
3641
1685
3934
3734
3457
9468
7705
1293
2788
3597
9673
8846
7415
936
4824
558
2613
1582
5962
8645
6679
8444
2279
2778
5665
6136
4679
1753
6601
5527
7861
4372
3587
3912
854
196
9800
5841
6915
10
5830
4164
8593
4070
4080
3917
6738
2291
1957
171
5237
493
5550
216
1640
4544
6673
4231
2093
6734
2435
1401
4299
5452
538
540
2283
4859
1697
7457
9715
7582
404
296
9296
1676
7931
9146
6892
4740
9476
2947
8671
1704
4329
1418
3825
3224
4320
6350
5517
4203
4321
7998
6706
5388
2082
3125
307
9919
1679
2289
702
7199
6549
6831
3482
6645
7709
6116
7401
2503
662
1546
7309
7146
7435
7301
9751
2405
3604
8529
6922
3093
3608
122
3806
5958
9039
2391
8161
757
7302
6532
4344
6991
9212
7771
435
5140
4073
8495
622
2414
8735
4148
1587
6712
8632
2270
2797
685
3054
5572
5288
6639
586
5073
2036
2720
6261
6935
1801
7136
7770
5312
5188
739
4348
2850
8095
5422
2387
5790
7950
5230
2194
7958
2629
2901
9588
8744
2136
5811
4373
92
7899
205
5997
7526
6072
9708
3207
2168
30
9044
1776
8743
7062
7327
2010
9031
8145
5142
160
8598
6590
507
3876
131
9368
5846
5972
9465
4331
6730
5372
3627
1159
5459
6340
6894
2013
4607
7882
7805
5958
758
8123
8701
1459
7127
9194
5822
9775
624
4739
3595
9201
4873
1577
4510
1678
8286
2779
3299
3835
9704
1830
3559
8160
8263
7524
2764
4231
9037
6898
7484
6196
1433
4863
952
319
7007
8864
6476
5692
8881
1200
352
9756
7964
2069
9517
2860
9874
8014
7322
5403
3263
9960
7635
4010
9386
6096
2949
7580
8490
7954
440
4092
3922
2160
5273
4349
8747
1311
5827
6684
7020
4956
6954
8499
808
3035
3732
2727
4133
6671
2275
7296
9940
4950
4163
3321
8130
2332
4077
557
1850
3984
4502
8818
6340
6371
4599
4802
9726
6284
9305
5731
9926
2793
9197
5944
6593
5697
8981
2737
8395
2132
4418
9102
3195
3891
9003
1809
9458
2796
1143
3840
4209
1470
4792
4970
3876
5147
1204
9969
2302
6635
1409
6197
738
3101
8716
578
8219
6169
4645
9040
41
3136
5227
6696
6648
2901
5520
2886
2399
1109
2440
8825
3858
3137
5508
8840
517
4573
8261
543
3821
2608
3599
4039
548
7356
1868
5459
4713
3992
3241
4854
7474
8424
3841
882
1087
6734
5796
124
76
890
6020
5179
5283
3997
7404
8848
2779
155
7630
7807
737
9535
4231
5035
1713
2552
3072
4063
4433
4801
8980
4281
1994
8591
3833
8705
4852
7315
2109
5527
5470
559
4367
5707
1734
2581
2950
8182
3483
9851
2882
8118
2412
3467
3437
9686
9564
1255
2429
4092
6181
986
4906
3819
5350
1145
8006
6553
3755
3688
7902
6507
8119
6665
604
3869
9345
6479
7189
8766
5640
1760
7750
87
8083
3737
1942
8540
5034
7180
3335
1451
3467
2149
1119
594
6298
2778
7646
5933
1544
9120
6187
3260
3598
954
79
6723
9878
3053
3437
4732
7334
9391
5213
5351
2699
877
100
6129
9198
3804
9906
5858
1269
6135
4407
4768
5544
5655
2498
3874
4622
4225
7576
127
9461
5848
8206
6068
3130
8116
3059
9108
7530
5243
9308
2985
2262
2283
1949
2633
7916
5801
6033
133
2296
7972
3431
6779
9831
9283
7913
8571
3539
8045
6553
2070
9504
3783
6251
402
1745
7079
5353
8122
3000
2776
4871
1154
2521
9590
4884
5913
1097
9865
9785
8535
8456
1391
9905
8758
2504
8034
6357
7901
5209
7992
3731
550
8963
2121
682
1441
2847
3932
9765
2370
7939
1290
7170
6870
1751
2980
2461
4915
1112
9295
2269
557
8169
6381
4395
3604
1345
9784
8795
6011
5430
4920
5529
8036
3427
4772
3297
2406
5736
7413
1034
2896
2815
8373
5952
9464
4182
4359
5660
5340
7726
9728
4419
9162
9839
5538
8104
4475
4774
7498
1390
8058
4012
1632
7006
2978
1524
6539
8418
4501
992
9479
7356
9545
3328
5134
9381
5692
3865
2067
1734
8441
1230
9583
9180
5427
5758
1170
8460
7454
6249
43
3011
4909
3856
2067
8600
7893
7672
9715
4529
4225
1051
5430
7151
3407
5771
5352
9559
439
1891
8110
2461
188
1149
2592
3519
9515
8393
3905
5979
3697
5169
1487
7934
5177
758
6502
8587
4258
5781
5167
2164
7934
3132
1989
6951
8711
2500
2136
6168
2701
5002
6906
9991
7355
6797
9511
7582
4279
6294
8274
9642
2055
4191
7739
4883
4385
2690
5661
6873
2395
9487
2963
7037
2770
2697
442
8713
8806
7453
9185
9949
5281
9296
1037
5735
3016
2597
6505
974
4378
3320
875
3419
7526
4825
5314
6805
6874
5224
2731
8039
8998
1449
5731
3088
1182
5604
8791
9319
2654
29
6983
1465
1656
6283
9577
9553
6137
7814
6361
8898
8969
6546
1854
3204
7473
5795
280
504
2263
75
6053
4890
581
3783
7780
5362
3592
3635
5329
6679
6116
3461
6302
8881
1957
9565
3298
5641
7056
4839
6379
1759
2488
4665
608
5832
2732
6143
3665
2418
5469
5201
6064
3013
7406
1198
7080
1847
5588
5880
2043
716
6573
2507
7450
1849
717
91
7870
7763
9763
9049
852
2873
3722
6129
7764
7435
2843
9236
5410
5317
336
845
5613
4908
7667
1489
5718
5155
9605
3496
5915
3786
1515
2931
3312
3588
1843
2985
5935
3076
1828
1810
4806
2339
4739
9551
2191
2257
754
1363
190
2918
3299
5250
7379
5251
3226
8053
8607
457
5744
7623
9923
453
8468
4752
7187
839
892
1179
2474
7054
2073
6005
584
7139
4328
5605
5110
6206
5301
1506
7193
1640
4186
2678
9109
5598
9254
1389
3385
8670
5176
8905
2072
7634
5354
1078
9832
9302
3627
7925
6339
7959
7781
5511
5547
7514
7901
6727
1243
4390
8568
981
5416
5936
1642
1083
7718
5761
7994
8157
9639
4134
930
8290
8590
9507
3139
6921
2242
9652
3637
2330
7902
5106
6811
6395
1813
399
837
7371
6002
3518
9135
3295
206
1586
6631
6694
5947
5441
6572
7466
3645
2948
6674
2134
2440
4686
9729
8191
8581
9046
9069
9312
2750
6675
9265
166
6168
9124
1941
1108
3361
7337
2222
8612
863
673
2324
5547
7736
2656
1615
6344
1631
3101
170
7769
4252
854
8042
2553
9317
8736
6536
2698
7032
8623
6874
6987
2011
4765
8576
6534
6234
587
5593
4649
2879
7362
6662
8142
6160
6900
4278
8105
5026
6196
2033
5134
3836
2479
737
349
38
693
1434
7899
7904
5832
3705
3646
6063
6480
7322
3668
4722
7752
468
417
1491
9000
5760
1187
3737
4496
5735
7075
6681
7198
905
7931
6141
717
57
3854
5885
4938
1781
8936
2922
4372
6356
4196
1578
7119
905
9972
4157
8564
9268
864
4334
4249
3767
2462
6229
6104
1173
5258
281
5087
2182
9074
9555
9908
7048
2001
8013
9523
5776
2198
3593
6933
46
1696
4559
3246
1454
2392
4654
1012
2827
843
6228
3959
4382
3587
7065
9009
7092
8193
9653
9515
2221
2968
5809
2617
5873
2505
3915
7571
8269
2663
1523
4785
6091
5462
2818
2323
176
1733
9531
4746
6206
9029
3193
3542
3290
4149
9592
733
9816
7228
3968
261
9730
2898
6012
3150
8456
394
5177
1567
2849
6048
602
2907
6095
6587
4408
6048
4160
6704
8054
5644
449
9283
6706
5388
1566
8330
1960
9202
1765
4623
1217
4578
2648
770
3688
441
9632
8537
2749
2811
4607
8821
5315
7175
222
5315
2532
9113
9605
283
9636
2525
4697
4792
8130
3707
7983
4644
7947
7875
4479
9664
8249
7205
8564
4685
8409
3181
3567
9034
5050
3530
4859
2378
9681
7306
3260
5873
9834
5876
1361
3883
5193
3265
600
5881
1502
247
4176
6296
4070
2964
3050
9360
8286
8403
4265
4263
7507
1486
6088
255
6421
6177
5738
8611
554
6566
5453
4921
2814
6083
6056
6659
3592
3068
739
5320
9320
4325
598
5723
2637
9145
4474
7461
2291
880
3419
9332
7305
3520
175
6638
3825
3363
256
3411
9664
4417
8549
159
3733
6762
7903
1673
8790
4834
9343
8124
8454
73
6965
559
5540
8294
7539
8994
2397
8511
9616
1783
1616
4184
9128
4939
2002
7814
7776
2384
3672
8622
3912
1736
5474
334
9145
6256
1240
7096
654
3303
8107
9895
2800
2857
2366
7663
8393
1228
830
8421
8601
790
6108
520
3831
8777
2412
1067
4015
1788
9318
5825
7482
3688
5657
8067
8475
9228
8223
4176
9606
8477
3436
9474
8699
2557
3584
1081
9408
7462
5612
4854
349
1188
2641
4726
400
2348
6036
4089
96
1693
8461
7006
5167
3714
7359
8813
4089
7856
1042
8384
2841
9026
6636
5599
4987
4079
5470
7703
6556
5477
810
998
3021
8868
419
1045
983
3241
2797
2978
2488
4357
931
1401
1435
6634
1783
383
6726
2482
307
5243
9341
8331
31
5409
2036
3
8220
6620
2785
7867
5325
8008
8656
2043
7925
6617
8720
5491
3771
3755
1994
9417
6186
6247
4562
7940
1189
670
8039
4532
4440
2773
7748
5259
281
1165
3385
572
9453
3486
4371
5151
8120
9280
2504
1406
9100
8230
8431
2559
4610
7911
923
8766
343
394
7913
2917
8365
589
4479
7739
2627
8274
9652
983
8239
2919
5118
5696
903
9345
8807
6291
6447
1924
5033
623
4764
6417
5112
2304
2823
5020
5663
1878
9997
6456
5170
3969
4468
3122
7458
859
5576
9031
6864
4802
868
2931
4393
7361
4140
4311
2015
1995
6998
9830
3944
4787
6393
8284
4639
2954
605
3403
6489
2726
9650
6948
3362
7163
7997
9583
790
5352
7901
5238
1947
2001
2332
4468
3275
7253
3137
629
9808
1787
9922
7594
5192
3918
7974
5933
9448
2
6120
8939
1021
6193
5928
6130
6189
5223
4844
1992
3580
1990
7476
3205
859
3543
923
463
1739
3022
3977
1520
9615
1960
7653
9686
6734
6996
3864
4423
1016
571
6813
4494
7616
1485
8116
7606
3384
5146
9478
8210
2987
3241
2786
3351
2483
7672
8678
199
1498
5985
4234
3051
7262
134
4854
4924
7758
1049
1891
2622
17
3178
7391
201
7814
9629
7370
5045
9429
2263
5438
337
5252
6341
9947
5904
6758
9833
6016
6801
767
1250
3014
4506
8754
7047
8438
6336
6859
2656
7995
902
9640
8610
5378
847
5202
5268
3054
7713
8314
8930
6840
4120
1198
510
6771
6804
8634
8957
8125
8161
1611
9269
802
17
5088
4833
6139
5384
3945
863
1524
9011
7521
9031
6746
453
5912
664
3299
8064
4937
3312
8376
5277
8923
9191
2989
6712
2498
9369
7186
9610
1061
3342
7138
3156
9482
888
6104
5078
1086
1561
3953
665
833
782
60
191
8365
2219
9854
9797
4311
84
8211
8577
9327
2918
3743
5758
9730
6352
2002
2738
6575
3137
6329
88
5766
4447
5713
3950
4379
7873
23
6685
9994
938
8939
912
997
9219
931
3380
3897
2995
4652
3035
8719
3549
8411
9516
382
9094
7809
6890
2557
3346
2765
6623
934
9706
8043
3510
6534
5532
4058
8370
2
272
3723
1725
1939
2258
102
977
5362
6640
4903
6077
4238
9137
1765
6245
9738
7424
9971
8585
4884
5525
9792
191
4528
830
3769
1823
5059
6271
7070
5772
3211
8211
8065
9402
332
2253
6714
8144
5141
7392
2184
3948
9201
9223
4115
1581
1706
7553
557
7249
7288
2365
9959
2059
8278
8782
8015
720
4805
8780
4326
8095
7034
2311
128
6795
1347
9016
7077
3046
7944
7189
9396
1099
9372
4401
6471
8280
6274
8094
1506
8054
8588
6096
5173
7175
942
6527
8177
2763
4241
392
7351
7103
8372
5137
4940
4659
269
9463
9865
1365
813
950
8446
5679
914
8212
9302
6106
1094
9674
4326
1902
5428
7424
1056
6151
8810
4292
5620
3605
1610
1047
165
1840
7675
4020
6889
598
9213
9166
3931
2643
4858
8724
3419
492
5751
468
5364
296
5114
1050
7326
5195
3973
498
138
2032
9520
8482
5771
466
6581
3261
5236
6231
8805
6213
3500
3434
7496
4352
590
1235
6466
6070
5757
53
7664
6548
8821
2180
8354
2592
4781
5009
9811
4762
5736
9332
1667
9835
7498
581
9078
2621
4744
823
9333
6103
40
1857
3826
5363
8184
1401
5368
1741
9642
6639
9313
8266
3981
9076
82
2499
9991
1350
2353
5533
3726
5033
1239
8070
6294
9427
3599
8877
7780
3763
3118
1470
5537
3919
8365
9866
1931
7146
4898
79
3029
798
5661
3273
191
7403
4766
6852
9456
204
7444
7821
8639
5490
4799
6452
1330
3375
5319
2016
7453
3089
8742
7215
9628
9994
8512
4568
1724
2408
4499
4367
1587
8837
905
4276
7424
7773
9386
5113
4461
6391
2575
9822
4961
835
5025
7579
9970
2254
1536
9881
5815
261
1967
9069
2572
7380
6429
9522
2383
3433
9967
2050
2887
2201
1800
4097
4244
1422
2042
1222
4721
1805
7606
6950
9910
9760
9216
8143
2506
8916
446
9966
3158
2993
543
3837
1637
1217
1928
9165
6311
3119
4058
4699
6197
5582
6383
2290
1998
3203
8275
2014
8624
736
9039
5400
611
9085
2992
6659
2463
1541
8102
721
5133
1226
7497
4210
7819
5158
5478
4875
5097
1328
3063
7007
7937
5975
9089
6797
9508
4974
9623
309
8110
5060
6140
7336
4635
1007
8725
7483
6308
9300
668
4471
8834
629
6769
2817
4467
8343
1019
8993
9865
5407
6460
3233
8272
2361
9379
3380
5864
4741
6251
8016
6624
1102
6977
3721
5620
9592
99
8732
2381
3462
403
9844
5751
997
